1.000000E-5, 2.200000E+0
2.530000E-2, 2.175000E+0
1.000000E+0, 2.174900E+0
9.400000E+0, 2.172300E+0
1.500000E+2, 2.124260E+0
2.500000E+2, 2.118900E+0
3.500000E+2, 2.115990E+0
4.500000E+2, 2.113150E+0
5.500000E+2, 2.111780E+0
6.500000E+2, 2.110370E+0
7.500000E+2, 2.109170E+0
8.500000E+2, 2.107700E+0
9.500000E+2, 2.106500E+0
1.000000E+3, 2.106660E+0
1.500000E+3, 2.104400E+0
2.500000E+3, 2.104400E+0
3.500000E+3, 2.106660E+0
4.500000E+3, 2.110285E+0
5.500000E+3, 2.114421E+0
6.500000E+3, 2.119486E+0
7.500000E+3, 2.124716E+0
8.500000E+3, 2.130450E+0
9.500000E+3, 2.136842E+0
1.500000E+4, 2.173682E+0
2.000000E+4, 2.210610E+0
2.400000E+4, 2.241461E+0
3.000000E+4, 2.288992E+0
4.500000E+4, 2.413591E+0
5.100000E+4, 2.463399E+0
5.500000E+4, 2.499459E+0
6.500000E+4, 2.583752E+0
7.500000E+4, 2.667836E+0
8.500000E+4, 2.754038E+0
9.500000E+4, 2.837457E+0
1.000000E+5, 2.878165E+0
1.200000E+5, 3.039891E+0
1.500000E+5, 3.266807E+0
1.700000E+5, 3.406926E+0
1.800000E+5, 3.472815E+0
1.900000E+5, 3.535333E+0
2.000000E+5, 3.594431E+0
2.100000E+5, 3.649374E+0
2.200000E+5, 3.699833E+0
2.300000E+5, 3.745738E+0
2.350000E+5, 3.766734E+0
2.400000E+5, 3.786774E+0
2.450000E+5, 3.804998E+0
2.500000E+5, 3.822023E+0
2.600000E+5, 3.852668E+0
2.700000E+5, 3.877686E+0
2.800000E+5, 3.897584E+0
3.000000E+5, 3.922775E+0
3.200000E+5, 3.929094E+0
3.250000E+5, 3.928323E+0
3.400000E+5, 3.920114E+0
3.500000E+5, 3.910454E+0
3.600000E+5, 3.898495E+0
3.750000E+5, 3.875647E+0
3.800000E+5, 3.867075E+0
4.000000E+5, 3.830108E+0
4.200000E+5, 3.790613E+0
4.250000E+5, 3.780920E+0
4.400000E+5, 3.752583E+0
4.500000E+5, 3.730992E+0
4.600000E+5, 3.709339E+0
4.750000E+5, 3.675123E+0
4.800000E+5, 3.662323E+0
5.000000E+5, 3.607163E+0
5.200000E+5, 3.544374E+0
5.400000E+5, 3.477527E+0
5.600000E+5, 3.409705E+0
5.700000E+5, 3.375891E+0
5.800000E+5, 3.342926E+0
6.000000E+5, 3.277615E+0
6.500000E+5, 3.122865E+0
7.000000E+5, 2.979136E+0
7.500000E+5, 2.844938E+0
7.907138E+5, 2.740511E+0
8.000000E+5, 2.718050E+0
8.200000E+5, 2.671271E+0
8.400000E+5, 2.625950E+0
8.500000E+5, 2.603781E+0
8.600000E+5, 2.581795E+0
8.800000E+5, 2.539596E+0
9.000000E+5, 2.498588E+0
9.200000E+5, 2.458674E+0
9.400000E+5, 2.420693E+0
9.500000E+5, 2.401931E+0
9.600000E+5, 2.383463E+0
9.800000E+5, 2.347594E+0
1.000000E+6, 2.313083E+0
1.050000E+6, 2.243079E+0
1.100000E+6, 2.169987E+0
1.150000E+6, 2.094454E+0
1.200000E+6, 2.017117E+0
1.250000E+6, 1.939595E+0
1.300000E+6, 1.866694E+0
1.350000E+6, 1.796683E+0
1.400000E+6, 1.741515E+0
1.450000E+6, 1.698008E+0
1.500000E+6, 1.651254E+0
1.550000E+6, 1.617088E+0
1.600000E+6, 1.627701E+0
1.620000E+6, 1.637821E+0
1.640000E+6, 1.647596E+0
1.650000E+6, 1.651643E+0
1.660000E+6, 1.656731E+0
1.680000E+6, 1.671164E+0
1.700000E+6, 1.689469E+0
1.720000E+6, 1.709756E+0
1.740000E+6, 1.724284E+0
1.750000E+6, 1.728127E+0
1.760000E+6, 1.732436E+0
1.780000E+6, 1.728212E+0
1.800000E+6, 1.710050E+0
1.820000E+6, 1.685837E+0
1.840000E+6, 1.655338E+0
1.850000E+6, 1.638927E+0
1.860000E+6, 1.623697E+0
1.880000E+6, 1.591961E+0
1.900000E+6, 1.559364E+0
1.915000E+6, 1.536460E+0
1.915446E+6, 1.536056E+0
1.920000E+6, 1.528918E+0
1.940000E+6, 1.500458E+0
1.950000E+6, 1.489794E+0
1.960000E+6, 1.480594E+0
1.980000E+6, 1.467895E+0
2.000000E+6, 1.459173E+0
2.020000E+6, 1.452031E+0
2.040000E+6, 1.445547E+0
2.050000E+6, 1.443173E+0
2.060000E+6, 1.439792E+0
2.080000E+6, 1.434855E+0
2.100000E+6, 1.430848E+0
2.120000E+6, 1.430137E+0
2.140000E+6, 1.431893E+0
2.150000E+6, 1.433709E+0
2.160000E+6, 1.434992E+0
2.180000E+6, 1.440179E+0
2.200000E+6, 1.450066E+0
2.220000E+6, 1.461013E+0
2.240000E+6, 1.478149E+0
2.250000E+6, 1.489271E+0
2.260000E+6, 1.500106E+0
2.280000E+6, 1.521917E+0
2.300000E+6, 1.543876E+0
2.320000E+6, 1.563602E+0
2.340000E+6, 1.583379E+0
2.350000E+6, 1.593272E+0
2.360000E+6, 1.602211E+0
2.371316E+6, 1.611968E+0
2.380000E+6, 1.619830E+0
2.400000E+6, 1.637267E+0
2.420000E+6, 1.652730E+0
2.440000E+6, 1.668604E+0
2.450000E+6, 1.676757E+0
2.460000E+6, 1.684361E+0
2.480000E+6, 1.707578E+0
2.500000E+6, 1.738438E+0
2.520000E+6, 1.769644E+0
2.540000E+6, 1.801218E+0
2.550000E+6, 1.816005E+0
2.560000E+6, 1.831215E+0
2.580000E+6, 1.866671E+0
2.600000E+6, 1.904169E+0
2.620000E+6, 1.938148E+0
2.640000E+6, 1.962950E+0
2.650000E+6, 1.970157E+0
2.660000E+6, 1.975171E+0
2.680000E+6, 1.984978E+0
2.700000E+6, 1.994577E+0
2.720000E+6, 1.998606E+0
2.740000E+6, 2.002636E+0
2.750000E+6, 2.004684E+0
2.760000E+6, 2.009006E+0
2.780000E+6, 2.017419E+0
2.800000E+6, 2.007177E+0
2.820000E+6, 1.984129E+0
2.840000E+6, 1.950871E+0
2.850000E+6, 1.935324E+0
2.860000E+6, 1.921907E+0
2.880000E+6, 1.894569E+0
2.900000E+6, 1.866942E+0
2.920000E+6, 1.838862E+0
2.940000E+6, 1.811420E+0
2.950000E+6, 1.798084E+0
2.960000E+6, 1.784614E+0
2.980000E+6, 1.757959E+0
3.000000E+6, 1.731643E+0
3.020000E+6, 1.704123E+0
3.040000E+6, 1.676848E+0
3.050000E+6, 1.663255E+0
3.060000E+6, 1.649311E+0
3.080000E+6, 1.621464E+0
3.100000E+6, 1.593721E+0
3.120000E+6, 1.566625E+0
3.140000E+6, 1.540864E+0
3.150000E+6, 1.528631E+0
3.160000E+6, 1.515855E+0
3.180000E+6, 1.491584E+0
3.200000E+6, 1.468616E+0
3.250000E+6, 1.407997E+0
3.300000E+6, 1.355277E+0
3.350000E+6, 1.341548E+0
3.400000E+6, 1.349185E+0
3.420000E+6, 1.338547E+0
3.450000E+6, 1.304058E+0
3.458281E+6, 1.297245E+0
3.500000E+6, 1.242596E+0
3.550000E+6, 1.199308E+0
3.600000E+6, 1.160463E+0
3.650000E+6, 1.125623E+0
3.700000E+6, 1.100375E+0
3.750000E+6, 1.082470E+0
3.800000E+6, 1.077176E+0
3.850000E+6, 1.100466E+0
3.900000E+6, 1.136128E+0
3.948451E+6, 1.168537E+0
3.950000E+6, 1.171701E+0
4.000000E+6, 1.203897E+0
4.050000E+6, 1.247740E+0
4.100000E+6, 1.278134E+0
4.150000E+6, 1.300128E+0
4.200000E+6, 1.321439E+0
4.250000E+6, 1.328587E+0
4.300000E+6, 1.333838E+0
4.350000E+6, 1.321464E+0
4.400000E+6, 1.289059E+0
4.450000E+6, 1.260426E+0
4.500000E+6, 1.233503E+0
4.550000E+6, 1.206550E+0
4.600000E+6, 1.179306E+0
4.650000E+6, 1.153261E+0
4.700000E+6, 1.121569E+0
4.750000E+6, 1.089059E+0
4.800000E+6, 1.064992E+0
4.850000E+6, 1.046702E+0
4.900000E+6, 1.031979E+0
4.950000E+6, 1.018204E+0
5.000000E+6, 1.004512E+0
5.100000E+6, 9.775101E-1
5.200000E+6, 9.547558E-1
5.250000E+6, 9.461548E-1
5.254914E+6, 9.453053E-1
5.300000E+6, 9.410781E-1
5.400000E+6, 9.373892E-1
5.500000E+6, 9.447687E-1
5.600000E+6, 9.556386E-1
5.625092E+6, 9.572213E-1
5.684092E+6, 9.587106E-1
5.700000E+6, 9.596319E-1
5.701813E+6, 9.599686E-1
5.800000E+6, 9.645539E-1
5.900000E+6, 9.726413E-1
6.000000E+6, 9.816551E-1
6.100000E+6, 9.930494E-1
6.200000E+6, 1.004757E+0
6.300000E+6, 1.011181E+0
6.309584E+6, 1.011758E+0
6.311246E+6, 1.011867E+0
6.320000E+6, 1.012478E+0
6.400000E+6, 1.017630E+0
6.500000E+6, 1.006454E+0
6.515808E+6, 1.007891E+0
6.552747E+6, 1.010427E+0
6.600000E+6, 1.014949E+0
6.631935E+6, 1.012301E+0
6.645209E+6, 1.010971E+0
6.700000E+6, 1.008621E+0
6.744431E+6, 1.002736E+0
6.800000E+6, 9.979220E-1
6.880000E+6, 9.926457E-1
6.900000E+6, 9.912348E-1
7.000000E+6, 9.817032E-1
7.100000E+6, 9.781445E-1
7.155000E+6, 9.760307E-1
7.200000E+6, 9.742616E-1
7.300000E+6, 9.696834E-1
7.400000E+6, 9.646622E-1
7.500000E+6, 9.584238E-1
7.600000E+6, 9.521450E-1
7.700000E+6, 9.451386E-1
7.705000E+6, 9.447960E-1
7.800000E+6, 9.382278E-1
7.900000E+6, 9.315900E-1
8.000000E+6, 9.255242E-1
8.100000E+6, 9.188295E-1
8.200000E+6, 9.110278E-1
8.256000E+6, 9.064220E-1
8.300000E+6, 9.027826E-1
8.400000E+6, 8.944134E-1
8.500000E+6, 8.861155E-1
8.600000E+6, 8.783458E-1
8.700000E+6, 8.713968E-1
8.800000E+6, 8.658968E-1
8.806000E+6, 8.656679E-1
8.900000E+6, 8.620792E-1
9.000000E+6, 8.600725E-1
9.100000E+6, 8.595641E-1
9.200000E+6, 8.609677E-1
9.300000E+6, 8.638622E-1
9.356000E+6, 8.660540E-1
9.400000E+6, 8.677899E-1
9.500000E+6, 8.724491E-1
9.600000E+6, 8.771036E-1
9.700000E+6, 8.816943E-1
9.800000E+6, 8.858559E-1
9.900000E+6, 8.893141E-1
9.907000E+6, 8.894855E-1
1.000000E+7, 8.917703E-1
1.010000E+7, 8.936276E-1
1.020000E+7, 8.954708E-1
1.040000E+7, 8.991112E-1
1.045700E+7, 9.001359E-1
1.050000E+7, 9.009065E-1
1.060000E+7, 9.022746E-1
1.080000E+7, 9.048082E-1
1.100000E+7, 9.072268E-1
1.100700E+7, 9.073597E-1
1.110000E+7, 9.091332E-1
1.120000E+7, 9.110558E-1
1.140000E+7, 9.147765E-1
1.150000E+7, 9.165133E-1
1.155800E+7, 9.174094E-1
1.160000E+7, 9.180572E-1
1.170000E+7, 9.194188E-1
1.180000E+7, 9.207172E-1
1.200000E+7, 9.228970E-1
1.210000E+7, 9.224722E-1
1.210800E+7, 9.224393E-1
1.220000E+7, 9.220760E-1
1.230000E+7, 9.202046E-1
1.240000E+7, 9.183350E-1
1.250000E+7, 9.159603E-1
1.260000E+7, 9.132458E-1
1.265800E+7, 9.118811E-1
1.270000E+7, 9.108960E-1
1.280000E+7, 9.085623E-1
1.300000E+7, 9.062165E-1
1.320000E+7, 9.056081E-1
1.320900E+7, 9.055908E-1
1.330000E+7, 9.054213E-1
1.340000E+7, 9.052536E-1
1.350000E+7, 9.052152E-1
1.360000E+7, 9.054747E-1
1.370000E+7, 9.058641E-1
1.375900E+7, 9.061098E-1
1.380000E+7, 9.062837E-1
1.390000E+7, 9.068576E-1
1.400000E+7, 9.074582E-1
1.420000E+7, 9.091587E-1
1.430000E+7, 9.100960E-1
1.431000E+7, 9.101922E-1
1.440000E+7, 9.110705E-1
1.450000E+7, 9.121055E-1
1.460000E+7, 9.130800E-1
1.480000E+7, 9.150919E-1
1.486000E+7, 9.156961E-1
1.490000E+7, 9.160998E-1
1.500000E+7, 9.171139E-1
1.520000E+7, 9.194794E-1
1.540000E+7, 9.217839E-1
1.541000E+7, 9.218930E-1
1.550000E+7, 9.228854E-1
1.560000E+7, 9.239142E-1
1.580000E+7, 9.258463E-1
1.590000E+7, 9.267178E-1
1.596100E+7, 9.272627E-1
1.600000E+7, 9.276128E-1
1.610000E+7, 9.283744E-1
1.620000E+7, 9.291603E-1
1.640000E+7, 9.307021E-1
1.650000E+7, 9.314580E-1
1.651100E+7, 9.315387E-1
1.660000E+7, 9.321999E-1
1.670000E+7, 9.329313E-1
1.680000E+7, 9.336850E-1
1.700000E+7, 9.351653E-1
1.706100E+7, 9.355853E-1
1.710000E+7, 9.358560E-1
1.720000E+7, 9.365593E-1
1.740000E+7, 9.379505E-1
1.750000E+7, 9.386352E-1
1.760000E+7, 9.392762E-1
1.761200E+7, 9.393509E-1
1.770000E+7, 9.399055E-1
1.780000E+7, 9.405453E-1
1.800000E+7, 9.418132E-1
1.810000E+7, 9.423688E-1
1.816200E+7, 9.427141E-1
1.820000E+7, 9.429259E-1
1.830000E+7, 9.434820E-1
1.840000E+7, 9.440429E-1
1.850000E+7, 9.446034E-1
1.860000E+7, 9.451158E-1
1.870000E+7, 9.456222E-1
1.871300E+7, 9.456888E-1
1.880000E+7, 9.461370E-1
1.890000E+7, 9.466508E-1
1.900000E+7, 9.471725E-1
1.920000E+7, 9.481894E-1
1.926300E+7, 9.485009E-1
1.930000E+7, 9.486844E-1
1.940000E+7, 9.491788E-1
1.950000E+7, 9.496611E-1
1.960000E+7, 9.501389E-1
1.980000E+7, 9.510695E-1
1.981300E+7, 9.511280E-1
1.990000E+7, 9.515212E-1
2.000000E+7, 9.519720E-1