# 92-U-235(n,thermal chi) ENDF/B-VII.1
0.000000000000000000e+00,0.000000000000000000e+00
1.000000000000000000e+01,1.965440975170814129e-09
1.100000000000000000e+01,2.059881928646836577e-09
1.200000000000000000e+01,2.152540977340292883e-09
1.300000000000000000e+01,2.239854311686049939e-09
1.400000000000000000e+01,2.325385741249240439e-09
1.500000000000000000e+01,2.405571456464731275e-09
1.600000000000000000e+01,2.485757171680222524e-09
1.700000000000000000e+01,2.562379077330580664e-09
1.800000000000000000e+01,2.635437173415806107e-09
1.900000000000000000e+01,2.708495269501031136e-09
2.000000000000000000e+01,2.777989556021123056e-09
2.100000000000000000e+01,2.847483842541215803e-09
2.200000000000000000e+01,2.913414319496175026e-09
2.300000000000000000e+01,2.979344796451134250e-09
2.400000000000000000e+01,3.043493368623526919e-09
2.500000000000000000e+01,3.105860036013353446e-09
2.600000000000000000e+01,3.168226703403179973e-09
2.700000000000000000e+01,3.228811466010439532e-09
2.800000000000000000e+01,3.287614323835132949e-09
2.900000000000000000e+01,3.346417181659826366e-09
3.000000000000000000e+01,3.403438134701953642e-09
3.100000000000000000e+01,3.458677182961513950e-09
3.200000000000000000e+01,3.513916231221074671e-09
3.300000000000000000e+01,3.569155279480634565e-09
3.400000000000000000e+01,3.622612422957628731e-09
3.500000000000000000e+01,3.676069566434622897e-09
3.600000000000000000e+01,3.727744805129050922e-09
3.700000000000000000e+01,3.779420043823478120e-09
3.800000000000000000e+01,3.829313377735339176e-09
3.900000000000000000e+01,3.880988616429766374e-09
4.000000000000000000e+01,3.929100045559061289e-09
4.100000000000000000e+01,3.978993379470922345e-09
4.200000000000000000e+01,4.027104808600217260e-09
4.300000000000000000e+01,4.073434332946946034e-09
4.400000000000000000e+01,4.121545762076240122e-09
4.500000000000000000e+01,4.167875286422968068e-09
4.600000000000000000e+01,4.214204810769696842e-09
4.700000000000000000e+01,4.258752430333858647e-09
4.800000000000000000e+01,4.305081954680585766e-09
4.900000000000000000e+01,4.349629574244748399e-09
5.000000000000000000e+01,4.394177193808910204e-09
5.100000000000000000e+01,4.436942908590505041e-09
5.200000000000000000e+01,4.479708623372099877e-09
5.300000000000000000e+01,4.522474338153694714e-09
5.400000000000000000e+01,4.565240052935291205e-09
5.500000000000000000e+01,4.608005767716886042e-09
5.600000000000000000e+01,4.648989577715913910e-09
5.700000000000000000e+01,4.691755292497510401e-09
5.800000000000000000e+01,4.732739102496538269e-09
5.900000000000000000e+01,4.771941007713000823e-09
6.000000000000000000e+01,4.812924817712029518e-09
6.100000000000000000e+01,4.852126722928492072e-09
6.200000000000000000e+01,4.893110532927519940e-09
6.300000000000000000e+01,4.932312438143982494e-09
6.400000000000000000e+01,4.969732438577878907e-09
6.500000000000000000e+01,5.008934343794341461e-09
6.600000000000000000e+01,5.048136249010803188e-09
6.700000000000000000e+01,5.085556249444699600e-09
6.800000000000000000e+01,5.122976249878595186e-09
6.900000000000000000e+01,5.160396250312490771e-09
7.000000000000000000e+01,5.197816250746387184e-09
7.100000000000000000e+01,5.235236251180281942e-09
7.200000000000000000e+01,5.272656251614177528e-09
7.300000000000000000e+01,5.308294347265507799e-09
7.400000000000000000e+01,5.343932442916837243e-09
7.500000000000000000e+01,5.381352443350732828e-09
7.600000000000000000e+01,5.416990539002062273e-09
7.700000000000000000e+01,5.452628634653390890e-09
7.800000000000000000e+01,5.486484825522154192e-09
7.900000000000000000e+01,5.522122921173483636e-09
8.000000000000000000e+01,5.557761016824813081e-09
8.100000000000000000e+01,5.591617207693576383e-09
8.200000000000000000e+01,5.625473398562338859e-09
8.300000000000000000e+01,5.661111494213668303e-09
8.400000000000000000e+01,5.694967685082431606e-09
8.500000000000000000e+01,5.728823875951194082e-09
8.600000000000000000e+01,5.762680066819957384e-09
8.700000000000000000e+01,5.794754352906152891e-09
8.800000000000000000e+01,5.828610543774916194e-09
8.900000000000000000e+01,5.860684829861112529e-09
9.000000000000000000e+01,5.894541020729875831e-09
9.100000000000000000e+01,5.926615306816072166e-09
9.200000000000000000e+01,5.958689592902268500e-09
9.300000000000000000e+01,5.992545783771031803e-09
9.400000000000000000e+01,6.024620069857227310e-09
9.500000000000000000e+01,6.056694355943423644e-09
9.600000000000000000e+01,6.086986737247053837e-09
9.700000000000000000e+01,6.119061023333250998e-09
9.800000000000000000e+01,6.151135309419446506e-09
9.900000000000000000e+01,6.181427690723076699e-09
1.000000000000000000e+02,6.213501976809273033e-09
1.100000000000000000e+02,6.516425789845573308e-09
1.200000000000000000e+02,6.806876269403907285e-09
1.300000000000000000e+02,7.084853415484275791e-09
1.400000000000000000e+02,7.352139132869245795e-09
1.500000000000000000e+02,7.608733421558818123e-09
1.600000000000000000e+02,7.858200091118122578e-09
1.700000000000000000e+02,8.100539141547162467e-09
1.800000000000000000e+02,8.335750572845936137e-09
1.900000000000000000e+02,8.563834385014445241e-09
2.000000000000000000e+02,8.786572482835251785e-09
2.100000000000000000e+02,9.003964866308362387e-09
2.200000000000000000e+02,9.216011535433772083e-09
2.300000000000000000e+02,9.422712490211482528e-09
2.400000000000000000e+02,9.625849635424059036e-09
2.500000000000000000e+02,9.823641066288936293e-09
2.600000000000000000e+02,1.001786868758868292e-08
2.700000000000000000e+02,1.020853249932329396e-08
2.800000000000000000e+02,1.039563250149277437e-08
2.900000000000000000e+02,1.058095059887968615e-08
3.000000000000000000e+02,1.076092298191889869e-08
3.100000000000000000e+02,1.093911346017554591e-08
3.200000000000000000e+02,1.111374012886705919e-08
3.300000000000000000e+02,1.128658489277600716e-08
3.400000000000000000e+02,1.145586584711982119e-08
3.500000000000000000e+02,1.162336489668106991e-08
3.600000000000000000e+02,1.178730013667718469e-08
3.700000000000000000e+02,1.195123537667329948e-08
3.800000000000000000e+02,1.211160680710428197e-08
3.900000000000000000e+02,1.226841442797013054e-08
4.000000000000000000e+02,1.242522204883598075e-08
4.100000000000000000e+02,1.258024776491926234e-08
4.200000000000000000e+02,1.273170967143741165e-08
4.300000000000000000e+02,1.288317157795556097e-08
4.400000000000000000e+02,1.303106967490857965e-08
4.500000000000000000e+02,1.317896777186159502e-08
4.600000000000000000e+02,1.332508396403204673e-08
4.700000000000000000e+02,1.346941825141993148e-08
4.800000000000000000e+02,1.361197063402524760e-08
4.900000000000000000e+02,1.375274111184799675e-08
5.000000000000000000e+02,1.389172968488818225e-08
5.100000000000000000e+02,1.403071825792836774e-08
5.200000000000000000e+02,1.416614302140342095e-08
5.300000000000000000e+02,1.430156778487847086e-08
5.400000000000000000e+02,1.443699254835352076e-08
5.500000000000000000e+02,1.456885350226344169e-08
5.600000000000000000e+02,1.470071445617336096e-08
5.700000000000000000e+02,1.483257541008327858e-08
5.800000000000000000e+02,1.496087255442806226e-08
5.900000000000000000e+02,1.509095160355541788e-08
6.000000000000000000e+02,1.521746684311763625e-08
6.100000000000000000e+02,1.534398208267985462e-08
6.200000000000000000e+02,1.546871541745950602e-08
6.300000000000000000e+02,1.559344875223915742e-08
6.400000000000000000e+02,1.571640018223624516e-08
6.500000000000000000e+02,1.583935161223333290e-08
6.600000000000000000e+02,1.596052113744785367e-08
6.700000000000000000e+02,1.607990875787980747e-08
6.800000000000000000e+02,1.619929637831175797e-08
6.900000000000000000e+02,1.631868399874371177e-08
7.000000000000000000e+02,1.643628971439309860e-08
7.100000000000000000e+02,1.655389543004248544e-08
7.200000000000000000e+02,1.666971924090930530e-08
7.300000000000000000e+02,1.678554305177612517e-08
7.400000000000000000e+02,1.689958495786038138e-08
7.500000000000000000e+02,1.701362686394463428e-08
7.600000000000000000e+02,1.712588686524632351e-08
7.700000000000000000e+02,1.723814686654800944e-08
7.800000000000000000e+02,1.735040686784969868e-08
7.900000000000000000e+02,1.746088496436881764e-08
8.000000000000000000e+02,1.757136306088793660e-08
8.100000000000000000e+02,1.768005925262449521e-08
8.200000000000000000e+02,1.778875544436105051e-08
8.300000000000000000e+02,1.789032401696733794e-08
8.400000000000000000e+02,1.799723830392132296e-08
8.500000000000000000e+02,1.810415259087531460e-08
8.600000000000000000e+02,1.821106687782929963e-08
8.700000000000000000e+02,1.831798116478329127e-08
8.800000000000000000e+02,1.842489545173727629e-08
8.900000000000000000e+02,1.853180973869126462e-08
9.000000000000000000e+02,1.863872402564525296e-08
9.100000000000000000e+02,1.874563831259924129e-08
9.200000000000000000e+02,1.883473355172756655e-08
9.300000000000000000e+02,1.894164783868155158e-08
9.400000000000000000e+02,1.904856212563554322e-08
9.500000000000000000e+02,1.915547641258952824e-08
9.600000000000000000e+02,1.924457165171785020e-08
9.700000000000000000e+02,1.935148593867184184e-08
9.800000000000000000e+02,1.944058117780016380e-08
9.900000000000000000e+02,1.954749546475415213e-08
1.000000000000000000e+03,1.963659070388247408e-08
1.100000000000000000e+03,2.059881928646836908e-08
1.200000000000000000e+03,2.152540977340293131e-08
1.300000000000000000e+03,2.239854311686050104e-08
1.400000000000000000e+03,2.323603836466673801e-08
1.500000000000000000e+03,2.405571456464731523e-08
1.600000000000000000e+03,2.483975266897656300e-08
1.700000000000000000e+03,2.560597172548014109e-08
1.800000000000000000e+03,2.635437173415806272e-08
1.900000000000000000e+03,2.706713364718464830e-08
2.000000000000000000e+03,2.777989556021123387e-08
2.100000000000000000e+03,2.845701937758649331e-08
2.200000000000000000e+03,2.913414319496174944e-08
2.300000000000000000e+03,2.977562891668567612e-08
2.400000000000000000e+03,3.041711463840960281e-08
2.500000000000000000e+03,3.104078131230786974e-08
2.600000000000000000e+03,3.166444798620613666e-08
2.700000000000000000e+03,3.227029561227873390e-08
2.800000000000000000e+03,3.285832419052566808e-08
2.900000000000000000e+03,3.342853372094693257e-08
3.000000000000000000e+03,3.401656229919386674e-08
3.100000000000000000e+03,3.456895278178947478e-08
3.200000000000000000e+03,3.512134326438507620e-08
3.300000000000000000e+03,3.567373374698068424e-08
3.400000000000000000e+03,3.620830518175062921e-08
3.500000000000000000e+03,3.672505756869490449e-08
3.600000000000000000e+03,3.724180995563917978e-08
3.700000000000000000e+03,3.775856234258345506e-08
3.800000000000000000e+03,3.827531472952773035e-08
3.900000000000000000e+03,3.877424806864634257e-08
4.000000000000000000e+03,3.925536235993928510e-08
4.100000000000000000e+03,3.975429569905789070e-08
4.200000000000000000e+03,4.023540999035084647e-08
4.300000000000000000e+03,4.069870523381811932e-08
4.400000000000000000e+03,4.117981952511107508e-08
4.500000000000000000e+03,4.164311476857834793e-08
4.600000000000000000e+03,4.208859096421997095e-08
4.700000000000000000e+03,4.255188620768725041e-08
4.800000000000000000e+03,4.299736240332887342e-08
4.900000000000000000e+03,4.344283859897048320e-08
5.000000000000000000e+03,4.388831479461209960e-08
5.100000000000000000e+03,4.431597194242805293e-08
5.200000000000000000e+03,4.474362909024400626e-08
5.300000000000000000e+03,4.517128623805995297e-08
5.400000000000000000e+03,4.559894338587590630e-08
5.500000000000000000e+03,4.602660053369185963e-08
5.600000000000000000e+03,4.643643863368214989e-08
5.700000000000000000e+03,4.684627673367244016e-08
5.800000000000000000e+03,4.725611483366272380e-08
5.900000000000000000e+03,4.766595293365301406e-08
6.000000000000000000e+03,4.805797198581764126e-08
6.100000000000000000e+03,4.844999103798225522e-08
6.200000000000000000e+03,4.885982913797254548e-08
6.300000000000000000e+03,4.923402914231150299e-08
6.400000000000000000e+03,4.962604819447613018e-08
6.500000000000000000e+03,5.001806724664075076e-08
6.600000000000000000e+03,5.039226725097971488e-08
6.700000000000000000e+03,5.078428630314432884e-08
6.800000000000000000e+03,5.115848630748329297e-08
6.900000000000000000e+03,5.153268631182224386e-08
7.000000000000000000e+03,5.188906726833553830e-08
7.100000000000000000e+03,5.226326727267449581e-08
7.200000000000000000e+03,5.263746727701345994e-08
7.300000000000000000e+03,5.299384823352674776e-08
7.400000000000000000e+03,5.335022919004004882e-08
7.500000000000000000e+03,5.370661014655333664e-08
7.600000000000000000e+03,5.406299110306663770e-08
7.700000000000000000e+03,5.441937205957992553e-08
7.800000000000000000e+03,5.477575301609322659e-08
7.900000000000000000e+03,5.511431492478084472e-08
8.000000000000000000e+03,5.547069588129414578e-08
8.100000000000000000e+03,5.580925778998177716e-08
8.200000000000000000e+03,5.614781969866940853e-08
8.300000000000000000e+03,5.648638160735702667e-08
8.400000000000000000e+03,5.682494351604465804e-08
8.500000000000000000e+03,5.716350542473228942e-08
8.600000000000000000e+03,5.750206733341992079e-08
8.700000000000000000e+03,5.784062924210753893e-08
8.800000000000000000e+03,5.816137210296951385e-08
8.900000000000000000e+03,5.848211496383147554e-08
9.000000000000000000e+03,5.882067687251910030e-08
9.100000000000000000e+03,5.914141973338106198e-08
9.200000000000000000e+03,5.946216259424302367e-08
9.300000000000000000e+03,5.978290545510500521e-08
9.400000000000000000e+03,6.010364831596696690e-08
9.500000000000000000e+03,6.042439117682892859e-08
9.600000000000000000e+03,6.074513403769089028e-08
9.700000000000000000e+03,6.104805785072718890e-08
9.800000000000000000e+03,6.136880071158915059e-08
9.900000000000000000e+03,6.167172452462544921e-08
1.000000000000000000e+04,6.197464833766174783e-08
1.100000000000000000e+04,6.498606742019907097e-08
1.200000000000000000e+04,6.787275316795676587e-08
1.300000000000000000e+04,7.061688653310912976e-08
1.400000000000000000e+04,7.327192465913316507e-08
1.500000000000000000e+04,7.582004849820319551e-08
1.600000000000000000e+04,7.827907709814492385e-08
1.700000000000000000e+04,8.066682950678399992e-08
1.800000000000000000e+04,8.298330572412041048e-08
1.900000000000000000e+04,8.524632479797981860e-08
2.000000000000000000e+04,8.743806768053657445e-08
2.100000000000000000e+04,8.957635341961632786e-08
2.200000000000000000e+04,9.166118201521910531e-08
2.300000000000000000e+04,9.369255346734488031e-08
2.400000000000000000e+04,9.568828682381931595e-08
2.500000000000000000e+04,9.763056303681677562e-08
2.600000000000000000e+04,9.953720115416289591e-08
2.700000000000000000e+04,1.014082011758576901e-07
2.800000000000000000e+04,1.032435631019011449e-07
2.900000000000000000e+04,1.050432869322932735e-07
3.000000000000000000e+04,1.068073726670340893e-07
3.100000000000000000e+04,1.085358203061235524e-07
3.200000000000000000e+04,1.102464488973873658e-07
3.300000000000000000e+04,1.119214393929998397e-07
3.400000000000000000e+04,1.135786108407866638e-07
3.500000000000000000e+04,1.152001441929221486e-07
3.600000000000000000e+04,1.168038584972319570e-07
3.700000000000000000e+04,1.183897537537161288e-07
3.800000000000000000e+04,1.199400109145489481e-07
3.900000000000000000e+04,1.214724490275561043e-07
4.000000000000000000e+04,1.229870680927376106e-07
4.100000000000000000e+04,1.244838681100934406e-07
4.200000000000000000e+04,1.259628490796236208e-07
4.300000000000000000e+04,1.274240110013280983e-07
4.400000000000000000e+04,1.288495348273812760e-07
4.500000000000000000e+04,1.302750586534344538e-07
4.600000000000000000e+04,1.316827634316619553e-07
4.700000000000000000e+04,1.330726491620638069e-07
4.800000000000000000e+04,1.344268967968143324e-07
4.900000000000000000e+04,1.357811444315648579e-07
5.000000000000000000e+04,1.371353920663153569e-07
5.100000000000000000e+04,1.384540016054145563e-07
5.200000000000000000e+04,1.397726111445137291e-07
5.300000000000000000e+04,1.410555825879616024e-07
5.400000000000000000e+04,1.423563730792350990e-07
5.500000000000000000e+04,1.436215254748572959e-07
5.600000000000000000e+04,1.448688588226538430e-07
5.700000000000000000e+04,1.461161921704503636e-07
5.800000000000000000e+04,1.473635255182468842e-07
5.900000000000000000e+04,1.485752207703920787e-07
6.000000000000000000e+04,1.497869160225372996e-07
6.100000000000000000e+04,1.509807922268568178e-07
6.200000000000000000e+04,1.521746684311763360e-07
6.300000000000000000e+04,1.533507255876702043e-07
6.400000000000000000e+04,1.545267827441640727e-07
6.500000000000000000e+04,1.556850208528322912e-07
6.600000000000000000e+04,1.568254399136748334e-07
6.700000000000000000e+04,1.579658589745173756e-07
6.800000000000000000e+04,1.590884589875342415e-07
6.900000000000000000e+04,1.602110590005511339e-07
7.000000000000000000e+04,1.613158399657423235e-07
7.100000000000000000e+04,1.624206209309335396e-07
7.200000000000000000e+04,1.635075828482990794e-07
7.300000000000000000e+04,1.645945447656646192e-07
7.400000000000000000e+04,1.656636876352045091e-07
7.500000000000000000e+04,1.667328305047443990e-07
7.600000000000000000e+04,1.677841543264586127e-07
7.700000000000000000e+04,1.688354781481728263e-07
7.800000000000000000e+04,1.698689829220613636e-07
7.900000000000000000e+04,1.709024876959499275e-07
8.000000000000000000e+04,1.719359924698384648e-07
8.100000000000000000e+04,1.729516781959013523e-07
8.200000000000000000e+04,1.739673639219642663e-07
8.300000000000000000e+04,1.749652306002014775e-07
8.400000000000000000e+04,1.759630972784386887e-07
8.500000000000000000e+04,1.769609639566759263e-07
8.600000000000000000e+04,1.779410115870874877e-07
8.700000000000000000e+04,1.789032401696733728e-07
8.800000000000000000e+04,1.799723830392132362e-07
8.900000000000000000e+04,1.808633354304964690e-07
9.000000000000000000e+04,1.817542878217797018e-07
9.100000000000000000e+04,1.828234306913195918e-07
9.200000000000000000e+04,1.837143830826028246e-07
9.300000000000000000e+04,1.846053354738860574e-07
9.400000000000000000e+04,1.854962878651692902e-07
9.500000000000000000e+04,1.865654307347091801e-07
9.600000000000000000e+04,1.874563831259924129e-07
9.700000000000000000e+04,1.883473355172756457e-07
9.800000000000000000e+04,1.892382879085588785e-07
9.900000000000000000e+04,1.901292402998421113e-07
1.000000000000000000e+05,1.910201926911253441e-07
1.100000000000000000e+05,1.997515261257010413e-07
1.200000000000000000e+05,2.079482881255067936e-07
1.300000000000000000e+05,2.156104786905426010e-07
1.400000000000000000e+05,2.230944787773217511e-07
1.500000000000000000e+05,2.300439074293309828e-07
1.600000000000000000e+05,2.368151456030835838e-07
1.700000000000000000e+05,2.432300028203228705e-07
1.800000000000000000e+05,2.492884790810488429e-07
1.900000000000000000e+05,2.551687648635182112e-07
2.000000000000000000e+05,2.606926696894742651e-07
2.100000000000000000e+05,2.662165745154302660e-07
2.200000000000000000e+05,2.713840983848730586e-07
2.300000000000000000e+05,2.763734317760591940e-07
2.400000000000000000e+05,2.811845746889886193e-07
2.500000000000000000e+05,2.856393366454047833e-07
2.600000000000000000e+05,2.900940986018209473e-07
2.700000000000000000e+05,2.943706700799805071e-07
2.800000000000000000e+05,2.984690510798833567e-07
2.900000000000000000e+05,3.023892416015295493e-07
3.000000000000000000e+05,3.063094321231757947e-07
3.100000000000000000e+05,3.098732416883087259e-07
3.200000000000000000e+05,3.134370512534417100e-07
3.300000000000000000e+05,3.168226703403179841e-07
3.400000000000000000e+05,3.200300989489376009e-07
3.500000000000000000e+05,3.230593370793006136e-07
3.600000000000000000e+05,3.260885752096635734e-07
3.700000000000000000e+05,3.289396228617699289e-07
3.800000000000000000e+05,3.316124800356196802e-07
3.900000000000000000e+05,3.342853372094693786e-07
4.000000000000000000e+05,3.367800039050624198e-07
4.100000000000000000e+05,3.392746706006554611e-07
4.200000000000000000e+05,3.415911468179918452e-07
4.300000000000000000e+05,3.437294325570716250e-07
4.400000000000000000e+05,3.458677182961514049e-07
4.500000000000000000e+05,3.476496230787178705e-07
4.600000000000000000e+05,3.494315278612843361e-07
4.700000000000000000e+05,3.512134326438508017e-07
4.800000000000000000e+05,3.528171469481606101e-07
4.900000000000000000e+05,3.542426707742138144e-07
5.000000000000000000e+05,3.556681946002669657e-07
5.100000000000000000e+05,3.569155279480635128e-07
5.200000000000000000e+05,3.581628612958600598e-07
5.300000000000000000e+05,3.594101946436565540e-07
5.400000000000000000e+05,3.604793375131963910e-07
5.500000000000000000e+05,3.613702899044796238e-07
5.600000000000000000e+05,3.622612422957629095e-07
5.700000000000000000e+05,3.629740042087894852e-07
5.800000000000000000e+05,3.636867661218160608e-07
5.900000000000000000e+05,3.642213375565860323e-07
6.000000000000000000e+05,3.647559089913559508e-07
6.100000000000000000e+05,3.652904804261258693e-07
6.200000000000000000e+05,3.656468613826391835e-07
6.300000000000000000e+05,3.661814328174091021e-07
6.400000000000000000e+05,3.665378137739224163e-07
6.500000000000000000e+05,3.667160042521790735e-07
6.600000000000000000e+05,3.670723852086923878e-07
6.700000000000000000e+05,3.672505756869489920e-07
6.800000000000000000e+05,3.672505756869489920e-07
6.900000000000000000e+05,3.674287661652056491e-07
7.000000000000000000e+05,3.674287661652056491e-07
7.100000000000000000e+05,3.676069566434623063e-07
7.200000000000000000e+05,3.674287661652056491e-07
7.300000000000000000e+05,3.674287661652056491e-07
7.400000000000000000e+05,3.674287661652056491e-07
7.500000000000000000e+05,3.672505756869489920e-07
7.600000000000000000e+05,3.670723852086923878e-07
7.700000000000000000e+05,3.668941947304357306e-07
7.800000000000000000e+05,3.667160042521790735e-07
7.900000000000000000e+05,3.663596232956657592e-07
8.000000000000000000e+05,3.661814328174091021e-07
8.100000000000000000e+05,3.658250518608958407e-07
8.200000000000000000e+05,3.654686709043825264e-07
8.300000000000000000e+05,3.651122899478692650e-07
8.400000000000000000e+05,3.647559089913559508e-07
8.500000000000000000e+05,3.643995280348426365e-07
8.600000000000000000e+05,3.640431470783293751e-07
8.700000000000000000e+05,3.635085756435594037e-07
8.800000000000000000e+05,3.629740042087894852e-07
8.900000000000000000e+05,3.626176232522761709e-07
9.000000000000000000e+05,3.620830518175062524e-07
9.100000000000000000e+05,3.615484803827362809e-07
9.200000000000000000e+05,3.610139089479663624e-07
9.300000000000000000e+05,3.604793375131963910e-07
9.400000000000000000e+05,3.597665756001698153e-07
9.500000000000000000e+05,3.592320041653998968e-07
9.600000000000000000e+05,3.586974327306299783e-07
9.700000000000000000e+05,3.579846708176034027e-07
9.800000000000000000e+05,3.572719089045768270e-07
9.900000000000000000e+05,3.565591469915502514e-07
1.000000000000000000e+06,3.560245755567802800e-07
1.100000000000000000e+06,3.480060040352311319e-07
1.200000000000000000e+06,3.389182896441421997e-07
1.300000000000000000e+06,3.291178133400265860e-07
1.400000000000000000e+06,3.186045751228844496e-07
1.500000000000000000e+06,3.073785749927156847e-07
1.600000000000000000e+06,2.957961939060336583e-07
1.700000000000000000e+06,2.838574318628383177e-07
1.800000000000000000e+06,2.715622888631297157e-07
1.900000000000000000e+06,2.592671458634210608e-07
2.000000000000000000e+06,2.467938123854558017e-07
2.100000000000000000e+06,2.343204789074905426e-07
2.200000000000000000e+06,2.220253359077818612e-07
2.300000000000000000e+06,2.099083833863298899e-07
2.400000000000000000e+06,1.979696213431345758e-07
2.500000000000000000e+06,1.865654307347091801e-07
2.600000000000000000e+06,1.755532591784483984e-07
2.700000000000000000e+06,1.649687447700036097e-07
2.800000000000000000e+06,1.548297065572003845e-07
2.900000000000000000e+06,1.451539635878644520e-07
3.000000000000000000e+06,1.359771539576471649e-07
3.100000000000000000e+06,1.272992776665484700e-07
3.200000000000000000e+06,1.190846966189170547e-07
3.300000000000000000e+06,1.113334108147529055e-07
3.400000000000000000e+06,1.040454202540560623e-07
3.500000000000000000e+06,9.718508684117515922e-08
3.600000000000000000e+06,9.073459152828453314e-08
3.700000000000000000e+06,8.469393431538422379e-08
3.800000000000000000e+06,7.904529615464851517e-08
3.900000000000000000e+06,7.373521990260043130e-08
4.000000000000000000e+06,6.878152460706566173e-08
4.100000000000000000e+06,6.413075312456717754e-08
4.200000000000000000e+06,5.978290545510500521e-08
4.300000000000000000e+06,5.572016255085344858e-08
4.400000000000000000e+06,5.194252441181253412e-08
4.500000000000000000e+06,4.837871484667960294e-08
4.600000000000000000e+06,4.506437195110597457e-08
4.700000000000000000e+06,4.198167667726597930e-08
4.800000000000000000e+06,3.907717188168263457e-08
4.900000000000000000e+06,3.638649566000727312e-08
5.000000000000000000e+06,3.385619086876288590e-08
5.100000000000000000e+06,3.150407655577514920e-08
5.200000000000000000e+06,2.929451462539273028e-08
5.300000000000000000e+06,2.724532412544129221e-08
5.400000000000000000e+06,2.533868600809517191e-08
5.500000000000000000e+06,2.353896217770303994e-08
5.600000000000000000e+06,2.186397168209055938e-08
5.700000000000000000e+06,2.031371452125773352e-08
5.800000000000000000e+06,1.885255259955322962e-08
5.900000000000000000e+06,1.750721448871554890e-08
6.000000000000000000e+06,1.624562590265848591e-08
6.100000000000000000e+06,1.506956874616461756e-08
6.200000000000000000e+06,1.397547920966880826e-08
6.300000000000000000e+06,1.295622967404078682e-08
6.400000000000000000e+06,1.200825632971542758e-08
6.500000000000000000e+06,1.112621346234502466e-08
6.600000000000000000e+06,1.030475535758188379e-08
6.700000000000000000e+06,9.542100110643434677e-09
6.800000000000000000e+06,8.834683911964546700e-09
6.900000000000000000e+06,8.177161047197520607e-09
7.000000000000000000e+06,7.565967706777222460e-09
7.100000000000000000e+06,6.999321985921086118e-09
7.200000000000000000e+06,6.473660075063977644e-09
7.300000000000000000e+06,5.985418164640765583e-09
7.400000000000000000e+06,5.534596254651449107e-09
7.500000000000000000e+06,5.115848630748329793e-09
7.600000000000000000e+06,4.727393388148839018e-09
7.700000000000000000e+06,4.367448622070412294e-09
7.800000000000000000e+06,4.036014332513049621e-09
7.900000000000000000e+06,3.727744805129050922e-09
8.000000000000000000e+06,3.442640039918415369e-09
8.100000000000000000e+06,3.180700036881145030e-09
8.200000000000000000e+06,2.936579081669539000e-09
8.300000000000000000e+06,2.712059079066163833e-09
8.400000000000000000e+06,2.503576219505887246e-09
8.500000000000000000e+06,2.311130502988708827e-09
8.600000000000000000e+06,2.132940024732062020e-09
8.700000000000000000e+06,1.969004784735946825e-09
8.800000000000000000e+06,1.817542878217797308e-09
8.900000000000000000e+06,1.676772400395046086e-09
9.000000000000000000e+06,1.547406113180720568e-09
9.100000000000000000e+06,1.427840302270510688e-09
9.200000000000000000e+06,1.317362205751389660e-09
9.300000000000000000e+06,1.215437252188587598e-09
9.400000000000000000e+06,1.121352679669078131e-09
9.500000000000000000e+06,1.034395726279834469e-09
9.600000000000000000e+06,9.542100110643434264e-10
9.700000000000000000e+06,8.802609625878351193e-10
9.800000000000000000e+06,8.118358189372827603e-10
9.900000000000000000e+06,7.487563896344297558e-10
1.000000000000000000e+07,6.906662937227629191e-10
1.020000000000000000e+07,5.873158163339077999e-10
1.040000000000000000e+07,4.992897200751242673e-10
1.060000000000000000e+07,4.244497192073325794e-10
1.080000000000000000e+07,3.608357184697097429e-10
1.100000000000000000e+07,3.064876226014324544e-10
1.120000000000000000e+07,2.603362887329609462e-10
1.140000000000000000e+07,2.211343835164986507e-10
1.160000000000000000e+07,1.876345736042490777e-10
1.180000000000000000e+07,1.593022875614422141e-10
1.200000000000000000e+07,1.351574777576665891e-10
1.220000000000000000e+07,1.146477537103265278e-10
1.240000000000000000e+07,9.720290588900080967e-11
1.260000000000000000e+07,8.239527714587347082e-11
1.280000000000000000e+07,6.983284842877987123e-11
1.300000000000000000e+07,5.915923878120673353e-11
1.320000000000000000e+07,5.012498153359473899e-11
1.340000000000000000e+07,4.244497192073326440e-11
1.360000000000000000e+07,3.594101946436565817e-11
1.380000000000000000e+07,3.043493368623527513e-11
1.400000000000000000e+07,2.574852410808546044e-11
1.420000000000000000e+07,2.179269549078790121e-11
1.440000000000000000e+07,1.842489545173727616e-11
1.460000000000000000e+07,1.558275732354376207e-11
1.480000000000000000e+07,1.317362205751389718e-11
1.500000000000000000e+07,1.113512298625785828e-11
1.520000000000000000e+07,9.410239156733515558e-12
1.540000000000000000e+07,7.949077235029012704e-12
1.560000000000000000e+07,6.714217220710449809e-12
1.580000000000000000e+07,5.670021018126500587e-12
1.600000000000000000e+07,4.787978150756099326e-12
1.620000000000000000e+07,4.041360046860749092e-12
1.640000000000000000e+07,3.410565753832219177e-12
1.660000000000000000e+07,2.877776223844845631e-12
1.680000000000000000e+07,2.428736218638095597e-12
1.700000000000000000e+07,2.047408595168871481e-12
1.720000000000000000e+07,1.727200305741677244e-12
1.740000000000000000e+07,1.456172588313317586e-12
1.760000000000000000e+07,1.227554204710039671e-12
1.780000000000000000e+07,1.034573916758091271e-12
1.800000000000000000e+07,8.718860101097727163e-13
1.820000000000000000e+07,7.345011513738980330e-13
1.840000000000000000e+07,6.186773405070776134e-13
1.860000000000000000e+07,5.210289584224351416e-13
1.880000000000000000e+07,4.387049574678643391e-13
1.900000000000000000e+07,3.693888614260288136e-13
1.920000000000000000e+07,3.107641940795920216e-13
1.940000000000000000e+07,2.615836220807574441e-13
1.960000000000000000e+07,2.200652406469588022e-13
1.980000000000000000e+07,1.851399069086559955e-13
2.000000000000000000e+07,1.557028399006579526e-13
2.020000000000000000e+07,1.309343634229840436e-13
2.040000000000000000e+07,1.100860774669563872e-13
2.060000000000000000e+07,9.255213440650233570e-14
2.080000000000000000e+07,7.779796280685197760e-14
2.100000000000000000e+07,6.537808647236369900e-14
2.120000000000000000e+07,5.493612444652420249e-14
2.140000000000000000e+07,4.616915291629717673e-14
2.160000000000000000e+07,3.877424806864634196e-14
2.180000000000000000e+07,3.257321942531503367e-14
2.200000000000000000e+07,2.737005746022094745e-14
2.220000000000000000e+07,2.298657169510743457e-14
2.240000000000000000e+07,1.929802879519484504e-14
2.260000000000000000e+07,1.620107828309432710e-14
2.280000000000000000e+07,1.359949730054728398e-14
2.300000000000000000e+07,1.141666394190335856e-14
2.320000000000000000e+07,9.581302015859897968e-15
2.340000000000000000e+07,8.041736283722468432e-15
2.360000000000000000e+07,6.748073411579213739e-15
2.380000000000000000e+07,5.661111494213668113e-15
2.400000000000000000e+07,4.748776245539636584e-15
2.420000000000000000e+07,3.984339093818622161e-15
2.440000000000000000e+07,3.341071467312127063e-15
2.460000000000000000e+07,2.802936222977053806e-15
2.480000000000000000e+07,2.350332408205171079e-15
2.500000000000000000e+07,1.970786689518513251e-15
2.520000000000000000e+07,1.652003923917372329e-15
2.540000000000000000e+07,1.384896397010658674e-15
2.560000000000000000e+07,1.160732775363797133e-15
2.580000000000000000e+07,9.727418208030347372e-16
2.600000000000000000e+07,8.152214380241589237e-16
2.620000000000000000e+07,6.830041031577270837e-16
2.640000000000000000e+07,5.721696256820928762e-16
2.660000000000000000e+07,4.793323865103799157e-16
2.680000000000000000e+07,4.014631475122252189e-16
2.700000000000000000e+07,3.362454324702924597e-16
2.720000000000000000e+07,2.815409556455019141e-16
2.740000000000000000e+07,2.355678122552870635e-16
2.760000000000000000e+07,1.972568594301079720e-16
2.780000000000000000e+07,1.650934781047832220e-16
2.800000000000000000e+07,1.381688968402039236e-16
2.820000000000000000e+07,1.156099822929124233e-16
2.840000000000000000e+07,9.672179159770786772e-17
2.860000000000000000e+07,8.089847712851764288e-17
2.880000000000000000e+07,6.765892459404878384e-17
2.900000000000000000e+07,5.657547684648535322e-17
2.920000000000000000e+07,4.730957197713972112e-17
2.940000000000000000e+07,3.955828617297558675e-17
2.960000000000000000e+07,3.305433371660797848e-17
2.980000000000000000e+07,2.763734317760591517e-17
3.000000000000000000e+07,2.309348598206142197e-17
3.020000000000000000e+07,0.000000000000000000e+00
